Date		 Min V 	Max V 	OC Sample Time 	CC Sample Time 	OC Min Time Limit  CC Min Time Limit 	OC Sample Time Max	CC Sample Time Max	OC FracV	CC FracV	Alpha 	Episilon 	Time Reference 	Time Interval  Min Time Interval Epsilon Max Count 	RLoad CalibADCV Reference  CalibADC Zero  CalibADC Max  Device ID Acquisition Rate

2021-02-25 16:03:43 10		1000		1000		500		30		6		120		60		0.4000		0.6321		0.2000		0.0015		34565		50		50		4		8000		1266		1583		931		241		0		

2021-02-25 16:09:36 10		1000		1000		500		30		6		120		60		0.4000		0.6321		0.2000		0.0015		34565		50		50		4		8000		1266		1583		931		241		0		
2021-02-25 16:28:39 10		1000		1000		500		30		6		120		60		0.4000		0.6321		0.2000		0.0015		34565		50		50		4		8000		1266		1583		931		241		0		
2021-02-25 16:49:46 10		1000		1000		500		30		6		120		60		0.4000		0.6321		0.2000		0.0015		34565		50		50		4		8000		1266		1583		931		241		0		
2021-02-25 19:13:12 10		1000		1000		500		30		6		120		60		0.4000		0.6321		0.2000		0.0015		34565		50		50		4		8000		1266		1583		931		241		0		
2021-02-25 19:37:50 10		1000		1000		500		30		6		120		60		0.4000		0.6321		0.2000		0.0015		34565		50		50		4		8000		1266		1583		931		241		0		
2021-02-25 19:41:24 10		1000		1000		500		30		6		120		60		0.4000		0.6321		0.2000		0.0015		34565		50		50		4		8000		1266		1583		931		241		0		
2021-02-25 19:43:31 10		1000		1000		500		30		6		120		60		0.4000		0.6321		0.2000		0.0015		34565		50		50		4		8000		1266		1583		931		241		0		
2021-02-25 19:44:03 10		1000		1000		500		30		6		120		60		0.4000		0.6321		0.2000		0.0015		34565		50		50		4		8000		1266		1583		931		241		0		
2021-02-25 19:52:19 10		1000		1000		500		30		6		120		60		0.4000		0.6321		0.2000		0.0015		34565		50		50		4		8000		1266		1583		931		241		0		
2021-02-25 19:54:07 10		1000		1000		500		30		6		120		60		0.4000		0.6321		0.2000		0.0015		34565		50		50		4		8000		1266		1583		931		241		0		
2021-02-25 19:54:59 10		1000		1000		500		30		6		120		60		0.4000		0.6321		0.2000		0.0015		34565		50		50		4		8000		1266		1583		931		241		0		
2021-02-25 19:57:40 10		1000		1000		500		30		6		120		60		0.4000		0.6321		0.2000		0.0015		34565		50		50		4		8000		1266		1583		931		241		0		
2021-02-25 20:00:49 10		1000		1000		500		30		6		120		60		0.4000		0.6321		0.2000		0.0015		34565		50		50		4		8000		1266		1583		931		241		0		
2021-02-25 20:10:52 10		1000		1000		500		30		6		120		60		0.4000		0.6321		0.2000		0.0015		34565		50		50		4		8000		1266		1583		931		241		0		
2021-02-25 20:57:13 10		1000		1000		500		30		6		120		60		0.4000		0.6321		0.2000		0.0015		34565		50		50		4		8000		1266		1583		931		241		0		
2021-02-25 22:38:43 10		1000		1000		500		30		6		120		60		0.4000		0.6321		0.2000		0.0015		34565		50		50		4		8000		1266		1583		931		241		0		
2021-02-25 23:17:35 10		1000		1000		500		30		6		120		60		0.4000		0.6321		0.2000		0.0015		34565		50		50		4		8000		1266		1583		931		241		0		
2021-02-25 23:22:14 10		1000		1000		500		30		6		120		60		0.4000		0.6321		0.2000		0.0015		34565		50		50		4		8000		1266		1583		931		241		0		
2021-02-25 23:31:44 10		1000		1000		500		30		6		120		60		0.4000		0.6321		0.2000		0.0015		34565		50		50		4		8000		1266		1583		931		241		0		
2021-02-25 23:50:43 10		1000		1000		500		30		6		120		60		0.4000		0.6321		0.2000		0.0015		34565		50		50		4		8000		1266		1583		931		241		0		
2021-02-25 23:55:27 10		1000		1000		500		30		6		120		60		0.4000		0.6321		0.2000		0.0015		34565		50		50		4		8000		1266		1583		931		241		0		
2021-02-26 00:22:18 10		1000		1000		500		30		6		120		60		0.4000		0.6321		0.2000		0.0015		34565		240		180		4		8000		1266		1583		931		241		0		
2021-02-26 00:29:51 10		1000		1000		500		30		6		120		60		0.4000		0.6321		0.2000		0.0015		34565		240		180		4		8000		1266		1583		931		241		0		
2021-02-26 10:05:46 10		1000		1000		500		30		6		120		60		0.4000		0.6321		0.2000		0.0015		34565		240		180		4		8000		1266		1583		931		241		0		
2021-02-26 10:09:38 10		1000		1000		500		30		6		120		60		0.4000		0.6321		0.2000		0.0015		34565		240		180		4		8000		1266		1583		931		241		0		
2021-02-26 10:51:14 10		1000		1000		500		30		6		120		60		0.4000		0.6321		0.2000		0.0015		34565		240		180		4		8000		1266		1583		931		241		0		
2021-02-26 11:17:52 10		1000		1000		500		30		6		120		60		0.4000		0.6321		0.2000		0.0015		34565		240		180		4		8000		1266		1583		931		241		0		
2021-02-26 11:22:12 10		1000		1000		500		30		6		120		60		0.4000		0.6321		0.2000		0.0015		34565		240		180		4		8000		1266		1583		931		241		0		
2021-02-26 11:28:22 10		1000		1000		500		30		6		120		60		0.4000		0.6321		0.2000		0.0015		34565		240		180		4		8000		1266		1583		931		241		0		
2021-02-26 11:35:56 10		1000		1000		500		30		6		120		60		0.4000		0.6321		0.2000		0.0015		34565		240		180		4		8000		1266		1583		931		241		0		
2021-02-26 11:44:22 10		1000		1000		500		30		6		120		60		0.4000		0.6321		0.2000		0.0015		34565		240		180		4		8000		1266		1583		931		241		0		
2021-02-26 11:46:18 10		1000		1000		500		30		6		120		60		0.4000		0.6321		0.2000		0.0015		34565		240		180		4		8000		1266		1583		931		241		0		
2021-02-26 12:00:25 10		1000		1000		500		30		6		120		60		0.4000		0.6321		0.2000		0.0015		34565		240		180		4		8000		1266		1583		931		241		0		
2021-02-26 12:26:12 10		1000		1000		500		30		6		120		60		0.4000		0.6321		0.2000		0.0015		34565		240		180		4		8000		1266		1583		931		241		0		
2021-02-26 12:41:22 10		1000		1000		500		30		6		120		60		0.4000		0.6321		0.2000		0.0015		34565		240		180		4		8000		1266		1583		931		241		0		
2021-02-26 12:55:35 10		1000		1000		500		30		6		120		60		0.4000		0.6321		0.2000		0.0015		34565		240		180		4		8000		1266		1583		931		241		0		
2021-02-26 13:05:35 10		1000		1000		500		30		6		120		60		0.4000		0.6321		0.2000		0.0015		34565		240		180		4		8000		1266		1583		931		241		0		
2021-02-26 13:06:29 10		1000		1000		500		30		6		120		60		0.4000		0.6321		0.2000		0.0015		34565		240		180		4		8000		1266		1583		931		241		0		
2021-02-26 13:09:16 10		1000		1000		500		30		6		120		60		0.4000		0.6321		0.2000		0.0015		34565		240		180		4		8000		1266		1583		931		241		0		
2021-02-26 13:10:28 10		1000		1000		500		30		6		120		60		0.4000		0.6321		0.2000		0.0015		34565		240		180		4		8000		1266		1583		931		241		0		
2021-02-26 13:12:28 10		1000		1000		500		30		6		120		60		0.4000		0.6321		0.2000		0.0015		34565		240		180		4		8000		1266		1583		931		241		0		
2021-02-26 13:14:23 10		1000		1000		500		30		6		120		60		0.4000		0.6321		0.2000		0.0015		34565		240		180		4		8000		1266		1583		931		241		0		
2021-02-26 13:34:54 10		1000		1000		500		30		6		120		60		0.4000		0.6321		0.2000		0.0015		34565		240		180		4		8000		1266		1583		931		241		0		
2021-02-26 13:36:50 10		1000		1000		500		30		6		120		60		0.4000		0.6321		0.2000		0.0015		34565		240		180		4		8000		1266		1583		931		241		0		
2021-02-26 13:38:22 10		1000		1000		500		30		6		120		60		0.4000		0.6321		0.2000		0.0015		34565		240		180		4		8000		1266		1583		931		241		0		
2021-02-26 13:57:37 10		1000		1000		500		30		6		120		60		0.4000		0.6321		0.2000		0.0015		34565		240		180		4		8000		1266		1583		931		241		0		
2021-02-26 13:58:35 10		1000		1000		500		30		6		120		60		0.4000		0.6321		0.2000		0.0015		34565		240		180		4		8000		1266		1583		931		241		0		
2021-02-26 14:00:29 10		1000		1000		500		30		6		120		60		0.4000		0.6321		0.2000		0.0015		34565		240		180		4		8000		1266		1583		931		241		0		
2021-02-26 14:07:05 10		1000		1000		500		30		6		120		60		0.4000		0.6321		0.2000		0.0015		34565		240		180		4		8000		1266		1583		931		241		0		
2021-02-26 14:08:30 10		1000		1000		500		30		6		120		60		0.4000		0.6321		0.2000		0.0015		34565		240		180		4		8000		1266		1583		931		241		0		
2021-02-26 14:09:54 10		1000		1000		500		30		6		120		60		0.4000		0.6321		0.2000		0.0015		34565		240		180		4		8000		1266		1583		931		241		0		
2021-02-26 14:14:27 10		1000		1000		500		30		6		120		60		0.4000		0.6321		0.2000		0.0015		34565		240		180		4		8000		1266		1583		931		241		0		
2021-02-26 15:01:33 10		1000		1000		500		30		6		120		60		0.4000		0.6321		0.2000		0.0015		34565		240		180		4		8000		1266		1583		931		241		0		
2021-02-26 15:07:19 10		1000		1000		500		30		6		120		60		0.4000		0.6321		0.2000		0.0015		34565		240		180		4		8000		1266		1583		931		241		0		
2021-02-26 15:08:52 10		1000		1000		500		30		6		120		60		0.4000		0.6321		0.2000		0.0015		34565		240		180		4		8000		1266		1583		931		241		0		
2021-02-26 15:09:56 10		1000		1000		500		30		6		120		60		0.4000		0.6321		0.2000		0.0015		34565		240		180		4		8000		1266		1583		931		241		0		
2021-02-26 15:18:19 10		1000		1000		500		30		6		120		60		0.4000		0.6321		0.2000		0.0015		34565		240		180		4		8000		1266		1583		931		241		0		
2021-02-26 15:19:53 10		1000		1000		500		30		6		120		60		0.4000		0.6321		0.2000		0.0015		34565		240		180		4		8000		1266		1583		931		241		0		
2021-02-26 15:25:42 10		1000		1000		500		30		6		120		60		0.4000		0.6321		0.2000		0.0015		34565		240		180		4		8000		1266		1583		931		241		0		
2021-02-26 15:54:05 10		1000		1000		500		30		6		120		60		0.4000		0.6321		0.2000		0.0015		34565		240		180		4		8000		1266		1583		931		241		0		
2021-02-26 15:59:31 10		1000		1000		500		30		6		120		60		0.4000		0.6321		0.2000		0.0015		34565		240		180		4		8000		1266		1583		931		241		0		
2021-02-26 16:10:44 10		1000		1000		500		30		6		120		60		0.4000		0.6321		0.2000		0.0015		34565		240		180		4		8000		1266		1583		931		241		0		
2021-02-26 17:21:13 10		1000		1000		500		30		6		120		60		0.4000		0.6321		0.2000		0.0015		34565		240		180		4		100000000000		1266		1583		931		241		0		
2021-02-26 17:22:29 10		1000		1000		500		30		6		120		60		0.4000		0.6321		0.2000		0.0015		34565		240		180		4		4294967295		1266		1583		931		241		0		
2021-02-26 17:22:38 10		1000		1000		500		30		6		120		60		0.4000		0.6321		0.2000		0.0015		34565		240		180		4		8000		1266		1583		931		241		0		
2021-02-26 20:22:32 10		1000		1000		500		30		6		120		60		0.4000		0.6321		0.2000		0.0015		34565		240		180		4		8000		1266		1583		931		241		0		
2021-02-26 20:22:39 10		1000		1000		500		30		6		120		60		0.4000		0.6321		0.2000		0.0015		34565		50		180		4		8000		1266		1583		931		241		0		
2021-02-26 20:22:47 10		1000		1000		500		30		6		120		60		0.4000		0.6321		0.2000		0.0015		34565		50		180		4		16000		1266		1583		931		241		0		
2021-02-26 20:42:16 10		1000		1000		500		30		6		120		60		0.4000		0.6321		0.2000		0.0015		34565		50		180		4		8000		1266		1583		931		241		0		
2021-02-26 20:44:03 10		1000		1000		500		30		6		120		60		0.4000		0.6321		0.2000		0.0015		34565		50		180		4		99999999		1266		1583		931		241		0		
2021-02-26 21:09:27 10		1000		1000		500		30		6		120		60		0.4000		0.6321		0.2000		0.0015		34565		50		180		4		8000		1266		1583		931		241		0		
2021-02-26 21:19:52 10		1000		1000		500		30		6		120		60		0.4000		0.6321		0.2000		0.0015		34565		50		180		4		8000		1266		1583		931		241		0		
2021-02-26 21:30:15 10		1000		1000		500		30		6		120		60		0.4000		0.6321		0.2000		0.0015		34565		50		180		4		8000		1266		1583		931		241		0		
2021-03-01 10:41:35 10		1000		1000		500		30		6		120		60		0.4000		0.6321		0.2000		0.0015		34565		50		180		4		8000		1266		1583		931		241		0		
2021-03-01 11:12:27 10		1000		1000		500		30		6		120		60		0.4000		0.6321		0.2000		0.0015		34565		50		180		4		8000		1266		1583		931		241		0		
2021-03-01 11:35:31 10		1000		1000		500		30		6		120		60		0.4000		0.6321		0.2000		0.0015		34565		50		180		4		8000		1266		1583		931		241		0		
2021-03-01 11:36:07 10		1000		1000		500		30		6		120		60		0.4000		0.6321		0.2000		0.0015		34565		50		180		4		8000		1266		1583		931		241		0		
2021-03-01 11:36:25 10.0		1000		1000		500		30		6		120		60		0.4000		0.6321		0.2000		0.0015		34565		50		180		4		8000		1266		1583		931		241		0		
2021-03-01 12:11:53 10		1000		1000		500		30		6		120		60		0.4000		0.6321		0.2000		0.0015		34565		50		180		4		8000		1266		1583		931		241		0		
2021-03-01 12:36:31 10		1000		1000		500		30		6		120		60		0.4000		0.6321		0.2000		0.0015		34565		240		180		4		8000		1266		1583		931		241		0		
2021-03-01 12:36:45 10.0		1000		1000		500		30		6		120		60		0.4000		0.6321		0.2000		0.0015		34565		50		180		4		8000		1266		1583		931		241		0		
2021-03-01 12:39:32 10		1000		1000		500		30		6		120		60		0.4000		0.6321		0.2000		0.0015		34565		50		180		4		8000		1266		1583		931		241		0		
2021-03-01 12:42:17 10		1000		1000		500		30		6		120		60		0.4000		0.6321		0.2000		0.0015		34565		50		180		4		8000		1266		1583		931		241		0		
2021-03-01 12:45:12 10		1000		1000		500		30		6		120		60		0.4000		0.6321		0.2000		0.0015		34565		50		180		4		8000		1266		1583		931		241		0		
2021-03-01 12:45:41 10.0		1000		1000		500		30		6		120		60		0.4000		0.6321		0.2000		0.0015		34565		30		180		4		8000		1266		1583		931		241		0		
2021-03-01 12:49:25 10		1000		1000		500		30		6		120		60		0.4000		0.6321		0.2000		0.0015		34565		30		180		4		8000		1266		1583		931		241		0		
2021-03-01 12:49:34 10.0		1000		1000		500		30		6		120		60		0.4000		0.6321		0.2000		0.0015		34565		45		180		4		8000		1266		1583		931		241		0		
2021-03-01 12:52:33 10		1000		1000		500		30		6		120		60		0.4000		0.6321		0.2000		0.0015		34565		45		180		4		8000		1266		1583		931		241		0		
2021-03-01 12:58:00 10		1000		1000		500		30		6		120		60		0.4000		0.6321		0.2000		0.0015		34565		45		180		4		8000		1266		1583		931		241		0		
2021-03-01 13:11:27 10		1000		1000		500		30		6		120		60		0.4000		0.6321		0.2000		0.0015		34565		45		180		4		8000		1266		1583		931		241		0		
2021-03-01 13:11:38 10.0		1000		1000		500		30		6		120		60		0.4000		0.6321		0.2000		0.0015		34565		45		180		4		500		1266		1583		931		241		0		
2021-03-01 13:12:05 10.0		1000		1000		500		30		6		120		60		0.4000		0.6321		0.2000		0.0015		34565		30		180		4		500		1266		1583		931		241		0		
2021-03-01 13:13:09 10.0		1000		1000		500		30		6		120		60		0.4000		0.6321		0.2000		0.0015		34565		30		180		4		9000		1266		1583		931		241		0		
2021-03-01 13:13:51 10.0		1000		1000		500		30		6		120		60		0.4000		0.6321		0.2000		0.0015		34565		30		180		4		8000		1266		1583		931		241		0		
2021-03-01 16:48:55 10		1000		1000		500		30		6		120		60		0.4000		0.6321		0.2000		0.0015		34565		30		180		4		8000		1266		1583		931		241		0		
2021-03-01 17:29:32 10		1000		1000		500		30		6		120		60		0.4000		0.6321		0.2000		0.0015		34565		30		180		4		8000		1266		1583		931		241		0		
2021-03-01 17:31:06 10		1000		1000		500		30		6		120		60		0.4000		0.6321		0.2000		0.0015		34565		30		180		4		8000		1266		1583		931		241		0		
2021-03-01 17:38:59 10		1000		1000		500		30		6		120		60		0.4000		0.6321		0.2000		0.0015		34565		30		180		4		7943		1266		1583		931		241		0		
2021-03-01 19:46:02 10		1000		1000		500		30		6		120		60		0.4000		0.6321		0.2000		0.0015		34565		30		180		4		7943		1266		1583		931		241		0		
2021-03-01 19:47:30 10		1000		1000		500		30		6		120		60		0.4000		0.6321		0.2000		0.0015		34565		30		180		4		7943		1266		1583		931		241		0		
2021-03-01 19:49:42 10		1000		1000		500		30		6		120		60		0.4000		0.6321		0.2000		0.0015		34565		30		180		4		7943		1266		1583		931		241		0		
2021-03-01 19:51:40 10		1000		1000		500		30		6		120		60		0.4000		0.6321		0.2000		0.0015		34565		30		180		4		7943		1266		1583		931		241		0		
2021-03-01 19:57:53 10		1000		1000		500		30		6		120		60		0.4000		0.6321		0.2000		0.0015		34565		30		180		4		7943		1266		1583		931		241		0		
2021-03-02 08:58:53 10		1000		1000		500		30		6		120		60		0.4000		0.6321		0.2000		0.0015		34565		30		180		4		7943		1266		1583		931		241		0		
2021-03-02 09:09:07 10		1000		1000		500		30		6		120		60		0.4000		0.6321		0.2000		0.0015		34565		30		180		4		7943		1266		1583		931		241		0		
2021-03-02 09:11:23 10		1000		1000		500		30		6		120		60		0.4000		0.6321		0.2000		0.0015		34565		30		180		4		7943		1266		1583		931		241		0		
2021-03-02 09:12:56 10		1000		1000		500		30		6		120		60		0.4000		0.6321		0.2000		0.0015		34565		30		180		4		7943		1266		1583		931		241		0		
2021-03-02 11:19:50 10		1000		1000		500		30		6		120		60		0.4000		0.6321		0.2000		0.0015		34565		30		180		4		7943		1266		1583		931		241		0		
2021-03-02 11:23:01 10		1000		1000		500		30		6		120		60		0.4000		0.6321		0.2000		0.0015		34565		30		180		4		7943		1266		1583		931		241		0		
2021-03-02 11:23:15 10.0		1000		1000		500		30		6		120		60		0.4000		0.6321		0.2000		0.0015		34565		30		180		4		7943		1266		1583		931		241		0		
2021-03-02 16:32:02 10		1000		1000		500		30		6		120		60		0.4000		0.6321		0.2000		0.0015		34565		30		180		4		7943		1266		1583		931		241		0		
2021-03-02 18:01:10 10		1000		1000		500		30		6		120		60		0.4000		0.6321		0.2000		0.0015		34565		30		180		4		7943		1266		1583		931		241		0		
2021-03-02 18:16:27 10		1000		1000		500		30		6		120		60		0.4000		0.6321		0.2000		0.0015		34565		30		180		4		7943		1266		1583		931		241		0		
2021-03-02 23:27:16 10		1000		1000		500		30		6		120		60		0.4000		0.6321		0.2000		0.0015		34565		30		180		4		7943		1266		1583		931		241		0		
2021-03-02 23:34:49 10		1000		1000		500		30		6		120		60		0.4000		0.6321		0.2000		0.0015		34565		30		180		4		7943		1266		1583		931		241		0		
2021-03-02 23:38:43 10		1000		1000		500		30		6		120		60		0.4000		0.6321		0.2000		0.0015		34565		30		180		4		7943		1266		1583		931		241		0		
2021-03-02 23:40:58 10		1000		1000		500		30		6		120		60		0.4000		0.6321		0.2000		0.0015		34565		30		180		4		7943		1266		1583		931		241		0		
2021-03-03 00:38:46 10		1000		1000		500		30		6		120		60		0.4000		0.6321		0.2000		0.0015		34565		30		180		4		7943		1266		1583		931		241		0		
2021-03-03 00:49:41 10		1000		1000		500		30		6		120		60		0.4000		0.6321		0.2000		0.0015		34565		30		180		4		7943		1266		1583		931		241		0		
2021-03-03 00:50:36 10		1000		1000		500		30		6		120		60		0.4000		0.6321		0.2000		0.0015		34565		30		180		4		7943		1266		1583		931		241		0		
2021-03-03 10:23:01 10		1000		1000		500		30		6		120		60		0.4000		0.6321		0.2000		0.0015		34565		30		180		4		7943		1266		1583		931		241		0		
2021-03-03 10:26:21 10		1000		1000		500		30		6		120		60		0.4000		0.6321		0.2000		0.0015		34565		30		180		4		7943		1266		1583		931		241		0		
2021-03-03 10:40:00 10		1000		1000		500		30		6		120		60		0.4000		0.6321		0.2000		0.0015		34565		30		180		4		7943		1266		1583		931		241		0		
2021-03-03 10:44:11 10		1000		1000		500		30		6		120		60		0.4000		0.6321		0.2000		0.0015		34565		30		180		4		7943		1266		1583		931		241		0		
2021-03-03 10:53:32 10		1000		1000		500		30		6		120		60		0.4000		0.6321		0.2000		0.0015		34565		30		180		4		7943		1266		1583		931		241		0		
2021-03-03 11:10:37 10		1000		1000		500		30		6		120		60		0.4000		0.6321		0.2000		0.0015		34565		30		180		4		7943		1266		1583		931		241		0		
2021-03-03 11:19:25 10		1000		1000		500		30		6		120		60		0.4000		0.6321		0.2000		0.0015		34565		30		180		4		7943		1266		1583		931		241		0		
2021-03-04 17:21:57 10		1000		1000		500		30		6		120		60		0.4000		0.6321		0.2000		0.0015		34565		30		180		4		7943		1266		1583		931		241		0		
2021-03-04 17:51:21 10		1000		1000		500		30		6		120		60		0.4000		0.6321		0.2000		0.0015		34565		30		180		4		7943		1266		1583		931		241		0		
2021-03-04 22:23:15 10		1000		1000		500		30		6		120		60		0.4000		0.6321		0.2000		0.0015		34565		30		180		4		7943		1266		1583		931		241		0		
2021-03-05 00:08:43 10		1000		1000		500		30		6		120		60		0.4000		0.6321		0.2000		0.0015		34565		30		180		4		7943		1266		1583		931		241		0		
2021-03-05 12:38:38 10		1000		1000		500		30		6		120		60		0.4000		0.6321		0.2000		0.0015		34565		30		180		4		7943		1266		1583		931		241		0		
2021-03-05 12:45:57 10		1000		1000		500		30		6		120		60		0.4000		0.6321		0.2000		0.0015		34565		30		180		4		7943		1266		1583		931		241		0		
2021-03-05 12:49:54 10		1000		1000		500		30		6		120		60		0.4000		0.6321		0.2000		0.0015		34565		30		180		4		7943		1266		1583		931		241		0		
2021-03-05 13:41:27 10		1000		1000		500		30		6		120		60		0.4000		0.6321		0.2000		0.0015		34565		30		180		4		7943		1266		1583		931		241		0		
2021-03-05 13:43:48 10		1000		1000		500		30		6		120		60		0.4000		0.6321		0.2000		0.0015		34565		30		180		4		7943		1266		1583		931		241		0		
2021-03-08 06:53:14 10		1000		1000		500		30		6		120		60		0.4000		0.6321		0.2000		0.0015		34565		30		180		4		7943		1266		1583		931		241		0		
2021-03-08 06:58:30 10		1000		1000		500		30		6		120		60		0.4000		0.6321		0.2000		0.0015		34565		30		180		4		7943		1266		1583		931		241		0		
2021-03-08 07:04:19 10		1000		1000		500		30		6		120		60		0.4000		0.6321		0.2000		0.0015		34565		30		180		4		7943		1266		1583		931		241		0		
2021-03-08 07:06:57 10		1000		1000		500		30		6		120		60		0.4000		0.6321		0.2000		0.0015		34565		30		180		4		7943		1266		1583		931		241		0		
2021-03-08 07:07:59 10		1000		1000		500		30		6		120		60		0.4000		0.6321		0.2000		0.0015		34565		30		180		4		7943		1266		1583		931		241		0		
2021-03-08 07:11:22 10		1000		1000		500		30		6		120		60		0.4000		0.6321		0.2000		0.0015		34565		30		180		4		7943		1266		1583		931		241		0		
2021-03-08 07:15:03 10		1000		1000		500		30		6		120		60		0.4000		0.6321		0.2000		0.0015		34565		30		180		4		7943		1266		1583		931		241		0		
2021-03-08 07:32:10 10		1000		1000		500		30		6		120		60		0.4000		0.6321		0.2000		0.0015		34565		30		180		4		7943		1266		1583		931		241		0		
2021-03-08 07:34:41 10		1000		1000		500		30		6		120		60		0.4000		0.6321		0.2000		0.0015		34565		30		180		4		7943		1266		1583		931		241		0		
2021-03-08 07:39:33 10		1000		1000		500		30		6		120		60		0.4000		0.6321		0.2000		0.0015		34565		30		180		4		7943		1266		1583		931		241		0		
2021-03-08 07:44:01 10		1000		1000		500		30		6		120		60		0.4000		0.6321		0.2000		0.0015		34565		30		180		4		7943		1266		1583		931		241		0		
2021-03-08 07:54:54 10		1000		1000		500		30		6		120		60		0.4000		0.6321		0.2000		0.0015		34565		30		180		4		7943		1266		1583		931		241		0		
2021-03-08 08:02:12 10		1000		1000		500		30		6		120		60		0.4000		0.6321		0.2000		0.0015		34565		30		180		4		7943		1266		1583		931		241		0		
2021-03-08 08:03:15 10		1000		1000		500		30		6		120		60		0.4000		0.6321		0.2000		0.0015		34565		30		180		4		7943		1266		1583		931		241		0		
2021-03-08 08:05:38 10		1000		1000		500		30		6		120		60		0.4000		0.6321		0.2000		0.0015		34565		30		180		4		7943		1266		1583		931		241		0		
2021-03-08 08:08:24 10		1000		1000		500		30		6		120		60		0.4000		0.6321		0.2000		0.0015		34565		30		180		4		7943		1266		1583		931		241		0		
2021-03-08 08:11:20 10		1000		1000		500		30		6		120		60		0.4000		0.6321		0.2000		0.0015		34565		30		180		4		7943		1266		1583		931		241		0		
2021-03-08 08:13:00 10		1000		1000		500		30		6		120		60		0.4000		0.6321		0.2000		0.0015		34565		30		180		4		7943		1266		1583		931		241		0		
2021-03-08 08:15:14 10		1000		1000		500		30		6		120		60		0.4000		0.6321		0.2000		0.0015		34565		30		180		4		7943		1266		1583		931		241		0		
2021-03-08 08:17:51 10		1000		1000		500		30		6		120		60		0.4000		0.6321		0.2000		0.0015		34565		30		180		4		7943		1266		1583		931		241		0		
2021-03-08 08:22:01 10		1000		1000		500		30		6		120		60		0.4000		0.6321		0.2000		0.0015		34565		30		180		4		7943		1266		1583		931		241		0		
2021-03-08 08:23:38 10		1000		1000		500		30		6		120		60		0.4000		0.6321		0.2000		0.0015		34565		30		180		4		7943		1266		1583		931		241		0		
2021-03-08 08:26:31 10		1000		1000		500		30		6		120		60		0.4000		0.6321		0.2000		0.0015		34565		30		180		4		7943		1266		1583		931		241		0		
2021-03-08 08:31:05 10		1000		1000		500		30		6		120		60		0.4000		0.6321		0.2000		0.0015		34565		30		180		4		7943		1266		1583		931		241		0		
2021-03-08 08:32:10 10		1000		1000		500		30		6		120		60		0.4000		0.6321		0.2000		0.0015		34565		30		180		4		7943		1266		1583		931		241		0		
2021-03-08 08:33:33 10		1000		1000		500		30		6		120		60		0.4000		0.6321		0.2000		0.0015		34565		30		180		4		7943		1266		1583		931		241		0		
2021-03-08 08:39:03 10		1000		1000		500		30		6		120		60		0.4000		0.6321		0.2000		0.0015		34565		30		180		4		7943		1266		1583		931		241		0		
2021-03-08 08:45:01 10		1000		1000		500		30		6		120		60		0.4000		0.6321		0.2000		0.0015		34565		30		180		4		7943		1266		1583		931		241		0		
2021-03-08 08:47:01 10		1000		1000		500		30		6		120		60		0.4000		0.6321		0.2000		0.0015		34565		30		180		4		7943		1266		1583		931		241		0		
2021-03-08 08:48:29 10		1000		1000		500		30		6		120		60		0.4000		0.6321		0.2000		0.0015		34565		30		180		4		7943		1266		1583		931		241		0		
2021-03-08 08:52:00 10		1000		1000		500		30		6		120		60		0.4000		0.6321		0.2000		0.0015		34565		30		180		4		7943		1266		1583		931		241		0		
2021-03-08 08:57:24 10		1000		1000		500		30		6		120		60		0.4000		0.6321		0.2000		0.0015		34565		30		180		4		7943		1266		1583		931		241		0		
2021-03-08 11:50:32 10		1000		1000		500		30		6		120		60		0.4000		0.6321		0.2000		0.0015		34565		30		180		4		7943		1266		1583		931		241		0		
2021-03-08 11:55:41 10		1000		1000		500		30		6		120		60		0.4000		0.6321		0.2000		0.0015		34565		30		180		4		7943		1266		1583		931		241		0		
2021-03-08 13:12:36 10		1000		1000		500		30		6		120		60		0.4000		0.6321		0.2000		0.0015		34565		30		180		4		7943		1266		1583		931		241		0		
2021-03-08 14:15:47 10		1000		1000		500		30		6		120		60		0.4000		0.6321		0.2000		0.0015		34565		30		180		4		7943		1266		1583		931		241		0		
2021-03-08 14:23:12 10		1000		1000		500		30		6		120		60		0.4000		0.6321		0.2000		0.0015		34565		30		180		4		7943		1266		1583		931		241		0		
2021-03-08 14:26:15 10		1000		1000		500		30		6		120		60		0.4000		0.6321		0.2000		0.0015		34565		30		180		4		7943		1266		1583		931		241		0		
2021-03-08 14:31:20 10		1000		1000		500		30		6		120		60		0.4000		0.6321		0.2000		0.0015		34565		30		180		4		7943		1266		1583		931		241		0		
2021-03-09 09:54:20 10		1000		1000		500		30		6		120		60		0.4000		0.6321		0.2000		0.0015		34565		30		180		4		7943		1266		1583		931		241		0		
2021-03-09 09:55:32 10		1000		1000		500		30		6		120		60		0.4000		0.6321		0.2000		0.0015		34565		30		180		4		7943		1266		1583		931		241		0		
2021-03-09 10:01:18 10		1000		1000		500		30		6		120		60		0.4000		0.6321		0.2000		0.0015		34565		30		180		4		7943		1266		1583		931		241		0		
2021-03-11 00:05:03 10		1000		1000		500		30		6		120		60		0.4000		0.6321		0.2000		0.0015		34565		30		180		4		7943		1266		1583		931		241		0		
2021-03-19 13:17:48 10		1000		1000		500		30		6		120		60		0.4000		0.6321		0.2000		0.0015		34565		50		180		4		7943		1266		1583		931		241		1		
2021-03-19 13:25:01 10		1000		1000		500		30		6		120		60		0.4000		0.6321		0.2000		0.0015		34565		50		180		4		7943		1266		1583		931		241		1		
2021-03-19 13:31:28 10		1000		1000		500		30		6		120		60		0.4000		0.6321		0.2000		0.0015		34565		50		180		4		7943		1266		1583		931		241		1		
2021-03-19 13:36:04 10		1000		1000		500		30		6		120		60		0.4000		0.6321		0.2000		0.0015		34565		50		180		4		7943		1266		1583		931		241		1		
2021-03-23 14:04:03 10		1000		1000		500		30		6		120		60		0.4000		0.6321		0.2000		0.0015		34565		50		180		4		7943		1266		1583		931		241		0		
2021-03-23 14:06:15 10		1000		1000		500		30		6		120		60		0.4000		0.6321		0.2000		0.0015		34565		50		180		4		7943		1266		1583		931		241		0		
2021-03-23 14:15:59 10		1000		1000		500		30		6		120		60		0.4000		0.6321		0.2000		0.0015		34565		50		180		4		7943		1266		1583		931		241		0		
2021-03-23 14:23:34 10		1000		1000		500		30		6		120		60		0.4000		0.6321		0.2000		0.0015		34565		50		180		4		7943		1266		1583		931		241		0		
2021-03-23 14:25:15 10		1000		1000		500		30		6		120		60		0.4000		0.6321		0.2000		0.0015		34565		50		180		4		7943		1266		1583		931		241		0		
2021-03-23 14:26:19 10.0		1000		1000		500		30		6		120		60		0.4000		0.6321		0.2000		0.0015		34565		45		180		4		7943		1266		1583		931		241		0		
2021-03-23 14:27:48 10.0		1000		1000		500		30		6		120		60		0.4000		0.6321		0.2000		0.0015		34565		50		180		4		7943		1266		1583		931		241		0		
2021-03-24 10:56:36 10		1000		1000		500		30		6		120		60		0.4000		0.6321		0.2000		0.0015		34565		50		180		4		7943		1266		1583		931		241		0		
2021-03-24 10:57:55 10.0		1000		1000		500		30		6		120		60		0.4000		0.6321		0.2000		0.0015		34565		45		180		4		7943		1266		1583		931		241		0		
2021-03-24 10:59:24 10.0		1000		1000		500		30		6		120		60		0.4000		0.6321		0.2000		0.0015		34565		50		180		4		7943		1266		1583		931		241		0		
2021-03-24 11:00:22 10.0		1000		1000		500		30		6		120		60		0.4000		0.6321		0.2000		0.0015		34565		45		180		4		7943		1266		1583		931		241		0		
2021-03-24 11:01:40 10.0		1000		1000		500		30		6		120		60		0.4000		0.6321		0.2000		0.0015		34565		50		180		4		7943		1266		1583		931		241		0		
2021-03-29 19:24:18 10		1000		1000		500		30		6		120		60		0.4000		0.6321		0.2000		0.0015		34565		50		180		4		7943		1266		1583		931		241		0		
2021-03-29 19:27:30 10.0		1000		1000		500		30		6		120		60		0.4000		0.6321		0.2000		0.0015		34565		60		180		4		7943		1266		1583		931		241		0		
2021-04-19 13:27:10 10		1000		1000		500		30		6		120		30		0.4000		0.6321		0.5000		0.0001		34565		1800		900		4		4805		1266		1583		931		238		1		
2021-04-20 11:30:57 10		1000		1000		500		30		6		120		30		0.4000		0.6321		0.5000		0.0001		34565		300		900		4		4805		1266		1583		931		240		1		
2021-04-20 11:43:12 10.0		1000		1000		500		30		6		120		30		0.4000		0.6321		0.5000		0.0001		34565		300		900		4		500		1266		1583		931		240		1		
2021-04-20 13:41:27 10		1000		1000		500		30		6		120		30		0.4000		0.6321		0.5000		0.0001		34565		300		900		4		492		1266		1583		931		240		1		
2021-04-20 17:53:21 10		1000		1000		500		30		6		120		30		0.4000		0.6321		0.5000		0.0001		34565		300		900		4		492		1266		1583		931		240		1		
2021-04-20 17:58:23 10		1000		1000		500		30		6		120		30		0.4000		0.6321		0.5000		0.0001		34565		300		900		4		492		1266		1583		931		240		1		
2021-04-20 19:05:23 10		1000		1000		500		30		6		120		30		0.4000		0.6321		0.5000		0.0001		34565		300		900		4		492		1266		1583		931		240		1		
2021-04-20 19:09:13 10		1000		1000		500		30		6		120		30		0.4000		0.6321		0.5000		0.0001		34565		300		900		4		492		1266		1583		931		240		1		
2021-04-20 19:11:23 10		1000		1000		500		30		6		120		30		0.4000		0.6321		0.5000		0.0001		34565		300		900		4		492		1266		1583		931		240		1		
2021-04-20 19:13:08 10		1000		1000		500		30		6		120		30		0.4000		0.6321		0.5000		0.0001		34565		300		900		4		492		1266		1583		931		240		1		
2021-04-20 19:15:00 10		1000		1000		500		30		6		120		30		0.4000		0.6321		0.5000		0.0001		34565		300		900		4		492		1266		1583		931		240		1		
2021-04-20 19:17:46 10		1000		1000		500		30		6		120		30		0.4000		0.6321		0.5000		0.0001		34565		300		900		4		492		1266		1583		931		240		1		
2021-04-20 19:21:18 10		1000		1000		500		30		6		120		30		0.4000		0.6321		0.5000		0.0001		34565		300		900		4		492		1266		1583		931		240		1		
2021-04-20 19:29:00 10		1000		1000		500		30		6		120		30		0.4000		0.6321		0.5000		0.0001		34565		300		900		4		492		1266		1583		931		240		1		
2021-04-20 19:49:50 10		1000		1000		500		30		6		120		30		0.4000		0.6321		0.5000		0.0001		34565		300		900		4		492		1266		1583		931		240		1		
2021-04-20 19:52:44 10		1000		1000		500		30		6		120		30		0.4000		0.6321		0.5000		0.0001		34565		300		900		4		492		1266		1583		931		240		1		
2021-04-20 20:01:36 10		1000		1000		500		30		6		120		30		0.4000		0.6321		0.5000		0.0001		34565		300		900		4		492		1266		1583		931		240		1		
2021-04-20 20:09:32 10		1000		1000		500		30		6		120		30		0.4000		0.6321		0.5000		0.0001		34565		300		900		4		492		1266		1583		931		240		1		
2021-04-20 20:21:22 10		1000		1000		500		30		6		120		30		0.4000		0.6321		0.5000		0.0001		34565		300		900		4		492		1266		1583		931		240		1		0		70		40673		
2021-04-20 20:26:51 10		1000		1000		500		30		6		120		30		0.4000		0.6321		0.5000		0.0001		34565		300		900		4		492		1266		1583		931		240		1		0.0		0.0		0.0		
2021-04-20 20:30:22 10		1000		1000		500		30		6		120		30		0.4000		0.6321		0.5000		0.0001		34565		300		900		4		492		1266		1583		931		240		1		D0EE40FFFF293FF0		70B3D57ED001E559		40673ACDF34CDC823DA29CD8B91C8ABC		
2021-04-20 20:35:39 10		1000		1000		500		30		6		120		30		0.4000		0.6321		0.5000		0.0001		34565		300		180		4		492		1266		1583		931		240		1		D0EE40FFFF293FF0		70B3D57ED001E559		40673ACDF34CDC823DA29CD8B91C8ABC		
2021-04-20 21:14:41 10		1000		1000		500		30		6		120		30		0.4000		0.6321		0.5000		0.0001		34565		300		180		4		492		1266		1583		931		240		1		D0EE40FFFF293FF0		70B3D57ED001E559		40673ACDF34CDC823DA29CD8B91C8ABC		
2021-04-20 21:17:53 10		1000		1000		500		30		6		120		30		0.4000		0.6321		0.5000		0.0001		34565		300		180		4		492		1266		1583		931		240		1		D0EE40FFFF293FF0		70B3D57ED001E559		40673ACDF34CDC823DA29CD8B91C8ABC		
2021-04-20 21:19:52 10		1000		1000		500		30		6		120		30		0.4000		0.6321		0.5000		0.0001		34565		300		180		4		492		1266		1583		931		240		1		D0EE40FFFF293FF0		70B3D57ED001E559		40673ACDF34CDC823DA29CD8B91C8ABC		
2021-04-20 21:22:57 10		1000		1000		500		30		6		120		30		0.4000		0.6321		0.5000		0.0001		34565		300		180		4		492		1266		1583		931		240		0		D0EE40FFFF293FF0		70B3D57ED001E559		40673ACDF34CDC823DA29CD8B91C8ABC		
2021-04-20 21:24:38 10		1000		1000		500		30		6		120		30		0.4000		0.6321		0.5000		0.0001		34565		300		180		4		492		1266		1583		931		240		0		D0EE40FFFF293FF0		70B3D57ED001E559		40673ACDF34CDC823DA29CD8B91C8ABC		
2021-04-20 21:38:12 10		1000		1000		500		30		6		120		30		0.4000		0.6321		0.5000		0.0001		34565		300		180		4		492		1266		1583		931		240		0		D0EE40FFFF293FF0		70B3D57ED001E559		40673ACDF34CDC823DA29CD8B91C8ABC		
2021-04-20 21:49:54 10		1000		1000		500		30		6		120		30		0.4000		0.6321		0.5000		0.0001		34565		300		180		4		492		1266		1583		931		240		0		D0EE40FFFF293FF0		70B3D57ED001E559		40673ACDF34CDC823DA29CD8B91C8ABC		
2021-04-20 21:54:16 10		1000		1000		500		30		6		120		30		0.4000		0.6321		0.5000		0.0001		34565		300		180		4		492		1266		1583		931		240		0		D0EE40FFFF293FF0		70B3D57ED001E559		40673ACDF34CDC823DA29CD8B91C8ABC		
2021-04-20 22:11:32 10		1000		1000		500		30		6		120		30		0.4000		0.6321		0.5000		0.0001		34565		300		180		4		492		1266		1583		931		240		1		D0EE40FFFF293FF0		70B3D57ED001E559		40673ACDF34CDC823DA29CD8B91C8ABC		
2021-04-21 00:12:43 10		1000		1000		500		30		6		120		30		0.4000		0.6321		0.5000		0.0001		34565		300		180		4		492		1266		1583		931		240		0		D0EE40FFFF293FF0		70B3D57ED001E559		40673ACDF34CDC823DA29CD8B91C8ABC		
2021-04-21 00:15:38 10		1000		1000		500		30		6		120		30		0.4000		0.6321		0.5000		0.0001		34565		300		180		4		492		1266		1583		931		240		1		D0EE40FFFF293FF0		70B3D57ED001E559		40673ACDF34CDC823DA29CD8B91C8ABC		
2021-04-21 00:18:24 10		1000		1000		500		30		6		120		30		0.4000		0.6321		0.5000		0.0001		34565		300		180		4		492		1266		1583		931		240		1		D0EE40FFFF293FF0		70B3D57ED001E559		40673ACDF34CDC823DA29CD8B91C8ABC		
2021-04-21 00:22:55 10		1000		1000		500		30		6		120		30		0.4000		0.6321		0.5000		0.0001		34565		300		180		4		492		1266		1583		931		240		1		D0EE40FFFF293FF0		70B3D57ED001E559		40673ACDF34CDC823DA29CD8B91C8ABC		
2021-04-21 00:35:13 10		1000		1000		500		30		6		120		30		0.4000		0.6321		0.5000		0.0001		34565		300		180		4		492		1266		1583		931		240		1		D0EE40FFFF293FF0		70B3D57ED001E559		40673ACDF34CDC823DA29CD8B91C8ABC		
2021-04-21 00:41:44 10		1000		1000		500		30		6		120		60		0.4000		0.6321		0.2000		0.0015		34565		300		180		4		492		1266		1583		931		241		1		D0EE40FFFF293FF1		70B3D57ED001E559		40673ACDF34CDC823DA29CD8B91C8ABC		
2021-04-21 00:52:22 10		1000		1000		500		30		6		120		60		0.4000		0.6321		0.2000		0.0015		34565		300		180		4		492		1266		1583		931		241		1		D0EE40FFFF293FF1		70B3D57ED001E559		40673ACDF34CDC823DA29CD8B91C8ABC		
2021-04-21 00:59:00 10		1000		1000		500		30		6		120		60		0.4000		0.6321		0.2000		0.0015		34565		300		180		4		492		1266		1583		931		241		1		D0EE40FFFF293FF1		70B3D57ED001E559		40673ACDF34CDC823DA29CD8B91C8ABC		
2021-04-21 09:34:38 10		1000		1000		500		30		6		120		60		0.4000		0.6321		0.2000		0.0015		34565		300		180		4		492		1266		1583		931		241		1		D0EE40FFFF293FF1		70B3D57ED001E559		40673ACDF34CDC823DA29CD8B91C8ABC		
