Date		 Min V 	Max V 	OC Sample Time 	CC Sample Time 	OC Min Time Limit  CC Min Time Limit 	OC Sample Time Max	CC Sample Time Max	OC FracV	CC FracV	Alpha 	Episilon 	Time Reference 	Time Interval  Min Time Interval Epsilon Max Count 	RLoad CalibADCV Reference  CalibADC Zero  CalibADC Max  Device ID Acquisition Rate

2021-02-25 16:00:59 10		1000		1000		500		30		6		120		60		0.4000		0.6321		0.2000		0.0015		34565		50		50		4		8000		1266		1583		931		241		0		

2021-02-25 16:01:36 10		1000		1000		500		30		6		120		60		0.4000		0.6321		0.2000		0.0015		34565		50		50		4		8000		1266		1583		931		241		0		

2021-02-25 16:01:48 10		1000		1000		500		30		6		120		60		0.4000		0.6321		0.2000		0.0015		34565		50		50		4		8000		1266		1583		931		241		0		

2021-02-25 16:08:02 10		1000		1000		500		30		6		120		60		0.4000		0.6321		0.2000		0.0015		34565		50		50		4		8000		1266		1583		931		241		0		
2021-02-25 16:17:09 10		1000		1000		500		30		6		120		60		0.4000		0.6321		0.2000		0.0015		34565		50		50		4		8000		1266		1583		931		241		0		
2021-02-25 16:25:19 10		1000		1000		500		30		6		120		60		0.4000		0.6321		0.2000		0.0015		34565		50		50		4		8000		1266		1583		931		241		0		
2021-02-25 16:40:38 10		1000		1000		500		30		6		120		60		0.4000		0.6321		0.2000		0.0015		34565		50		50		4		8000		1266		1583		931		241		0		
2021-02-25 16:47:01 10		1000		1000		500		30		6		120		60		0.4000		0.6321		0.2000		0.0015		34565		50		50		4		8000		1266		1583		931		241		0		
2021-02-25 16:48:13 10		1000		1000		500		30		6		120		60		0.4000		0.6321		0.2000		0.0015		34565		50		50		4		8000		1266		1583		931		241		0		
2021-02-25 17:01:16 10		1000		1000		500		30		6		120		60		0.4000		0.6321		0.2000		0.0015		34565		50		50		4		8000		1266		1583		931		241		0		
2021-02-25 18:42:49 10		1000		1000		500		30		6		120		60		0.4000		0.6321		0.2000		0.0015		34565		50		50		4		8000		1266		1583		931		241		0		
2021-02-25 18:44:35 10		1000		1000		500		30		6		120		60		0.4000		0.6321		0.2000		0.0015		34565		50		50		4		8000		1266		1583		931		241		0		
2021-02-25 18:45:25 10		1000		1000		500		30		6		120		60		0.4000		0.6321		0.2000		0.0015		34565		50		50		4		8000		1266		1583		931		241		0		
2021-02-25 18:49:07 10		1000		1000		500		30		6		120		60		0.4000		0.6321		0.2000		0.0015		34565		50		50		4		8000		1266		1583		931		241		0		
2021-02-25 19:00:10 10		1000		1000		500		30		6		120		60		0.4000		0.6321		0.2000		0.0015		34565		50		50		4		8000		1266		1583		931		241		0		
2021-02-25 19:01:00 10		1000		1000		500		30		6		120		60		0.4000		0.6321		0.2000		0.0015		34565		50		50		4		8000		1266		1583		931		241		0		
2021-02-25 19:08:04 10		1000		1000		500		30		6		120		60		0.4000		0.6321		0.2000		0.0015		34565		50		50		4		8000		1266		1583		931		241		0		
2021-02-25 19:10:01 10		1000		1000		500		30		6		120		60		0.4000		0.6321		0.2000		0.0015		34565		50		50		4		8000		1266		1583		931		241		0		
2021-02-25 19:11:31 10		1000		1000		500		30		6		120		60		0.4000		0.6321		0.2000		0.0015		34565		50		50		4		8000		1266		1583		931		241		0		
2021-02-25 19:13:53 10		1000		1000		500		30		6		120		60		0.4000		0.6321		0.2000		0.0015		34565		50		50		4		8000		1266		1583		931		241		0		
2021-02-25 19:18:20 10		1000		1000		500		30		6		120		60		0.4000		0.6321		0.2000		0.0015		34565		50		50		4		8000		1266		1583		931		241		0		
2021-02-25 19:21:13 10		1000		1000		500		30		6		120		60		0.4000		0.6321		0.2000		0.0015		34565		50		50		4		8000		1266		1583		931		241		0		
2021-02-25 19:23:14 10		1000		1000		500		30		6		120		60		0.4000		0.6321		0.2000		0.0015		34565		50		50		4		8000		1266		1583		931		241		0		
2021-02-25 19:50:14 10		1000		1000		500		30		6		120		60		0.4000		0.6321		0.2000		0.0015		34565		50		50		4		8000		1266		1583		931		241		0		
2021-02-25 19:53:30 10		1000		1000		500		30		6		120		60		0.4000		0.6321		0.2000		0.0015		34565		50		50		4		8000		1266		1583		931		241		0		
2021-02-25 19:56:44 10		1000		1000		500		30		6		120		60		0.4000		0.6321		0.2000		0.0015		34565		50		50		4		8000		1266		1583		931		241		0		
2021-02-25 20:25:23 10		1000		1000		500		30		6		120		60		0.4000		0.6321		0.2000		0.0015		34565		50		50		4		8000		1266		1583		931		241		0		
2021-02-25 20:36:21 10		1000		1000		500		30		6		120		60		0.4000		0.6321		0.2000		0.0015		34565		50		50		4		8000		1266		1583		931		241		0		
2021-02-25 20:46:49 10		1000		1000		500		30		6		120		60		0.4000		0.6321		0.2000		0.0015		34565		50		50		4		8000		1266		1583		931		241		0		
2021-02-25 21:11:01 10		1000		1000		500		30		6		120		60		0.4000		0.6321		0.2000		0.0015		34565		50		50		4		8000		1266		1583		931		241		0		
2021-02-25 21:12:42 10		1000		1000		500		30		6		120		60		0.4000		0.6321		0.2000		0.0015		34565		50		50		4		8000		1266		1583		931		241		0		
2021-02-25 21:14:11 10		1000		1000		500		30		6		120		60		0.4000		0.6321		0.2000		0.0015		34565		50		50		4		8000		1266		1583		931		241		0		
2021-02-25 21:16:24 10		1000		1000		500		30		6		120		60		0.4000		0.6321		0.2000		0.0015		34565		50		50		4		8000		1266		1583		931		241		0		
2021-02-25 21:32:16 10		1000		1000		500		30		6		120		60		0.4000		0.6321		0.2000		0.0015		34565		50		50		4		8000		1266		1583		931		241		0		
2021-02-25 21:33:53 10		1000		1000		500		30		6		120		60		0.4000		0.6321		0.2000		0.0015		34565		50		50		4		8000		1266		1583		931		241		0		
2021-02-25 21:34:57 10		1000		1000		500		30		6		120		60		0.4000		0.6321		0.2000		0.0015		34565		50		50		4		8000		1266		1583		931		241		0		
2021-02-25 21:37:22 10		1000		1000		500		30		6		120		60		0.4000		0.6321		0.2000		0.0015		34565		50		50		4		8000		1266		1583		931		241		0		
2021-02-25 21:38:36 10		1000		1000		500		30		6		120		60		0.4000		0.6321		0.2000		0.0015		34565		50		50		4		8000		1266		1583		931		241		0		
2021-02-25 21:40:00 10		1000		1000		500		30		6		120		60		0.4000		0.6321		0.2000		0.0015		34565		50		50		4		8000		1266		1583		931		241		0		
2021-02-25 21:40:59 10		1000		1000		500		30		6		120		60		0.4000		0.6321		0.2000		0.0015		34565		50		50		4		8000		1266		1583		931		241		0		
2021-02-25 21:44:40 10		1000		1000		500		30		6		120		60		0.4000		0.6321		0.2000		0.0015		34565		50		50		4		8000		1266		1583		931		241		0		
2021-02-25 21:45:52 10		1000		1000		500		30		6		120		60		0.4000		0.6321		0.2000		0.0015		34565		50		50		4		8000		1266		1583		931		241		0		
2021-02-25 21:58:53 10		1000		1000		500		30		6		120		60		0.4000		0.6321		0.2000		0.0015		34565		50		50		4		8000		1266		1583		931		241		0		
2021-02-25 21:59:49 10		1000		1000		500		30		6		120		60		0.4000		0.6321		0.2000		0.0015		34565		50		50		4		8000		1266		1583		931		241		0		
2021-02-25 22:00:54 10		1000		1000		500		30		6		120		60		0.4000		0.6321		0.2000		0.0015		34565		50		50		4		8000		1266		1583		931		241		0		
2021-02-25 22:03:49 10		1000		1000		500		30		6		120		60		0.4000		0.6321		0.2000		0.0015		34565		50		50		4		8000		1266		1583		931		241		0		
2021-02-25 22:10:18 10		1000		1000		500		30		6		120		60		0.4000		0.6321		0.2000		0.0015		34565		50		50		4		8000		1266		1583		931		241		0		
2021-02-25 22:12:09 10		1000		1000		500		30		6		120		60		0.4000		0.6321		0.2000		0.0015		34565		50		50		4		8000		1266		1583		931		241		0		
2021-02-25 22:18:53 10		1000		1000		500		30		6		120		60		0.4000		0.6321		0.2000		0.0015		34565		50		50		4		8000		1266		1583		931		241		0		
2021-02-25 22:20:43 10		1000		1000		500		30		6		120		60		0.4000		0.6321		0.2000		0.0015		34565		50		50		4		8000		1266		1583		931		241		0		
2021-02-25 22:22:08 10		1000		1000		500		30		6		120		60		0.4000		0.6321		0.2000		0.0015		34565		50		50		4		8000		1266		1583		931		241		0		
2021-02-25 22:26:34 10		1000		1000		500		30		6		120		60		0.4000		0.6321		0.2000		0.0015		34565		50		50		4		8000		1266		1583		931		241		0		
2021-02-25 22:31:26 10		1000		1000		500		30		6		120		60		0.4000		0.6321		0.2000		0.0015		34565		50		50		4		8000		1266		1583		931		241		0		
2021-02-25 22:33:03 10		1000		1000		500		30		6		120		60		0.4000		0.6321		0.2000		0.0015		34565		50		50		4		8000		1266		1583		931		241		0		
2021-02-25 22:41:28 10		1000		1000		500		30		6		120		60		0.4000		0.6321		0.2000		0.0015		34565		50		50		4		8000		1266		1583		931		241		0		
2021-02-25 22:42:40 10		1000		1000		500		30		6		120		60		0.4000		0.6321		0.2000		0.0015		34565		50		50		4		8000		1266		1583		931		241		0		
2021-02-25 22:54:14 10		1000		1000		500		30		6		120		60		0.4000		0.6321		0.2000		0.0015		34565		50		50		4		8000		1266		1583		931		241		0		
2021-02-25 23:11:37 10		1000		1000		500		30		6		120		60		0.4000		0.6321		0.2000		0.0015		34565		50		50		4		8000		1266		1583		931		241		0		
2021-02-25 23:28:03 10		1000		1000		500		30		6		120		60		0.4000		0.6321		0.2000		0.0015		34565		50		50		4		8000		1266		1583		931		241		0		
2021-02-25 23:31:04 10		1000		1000		500		30		6		120		60		0.4000		0.6321		0.2000		0.0015		34565		50		50		4		8000		1266		1583		931		241		0		
2021-02-25 23:56:52 10		1000		1000		500		30		6		120		60		0.4000		0.6321		0.2000		0.0015		34565		50		50		4		8000		1266		1583		931		241		0		
2021-02-26 09:06:39 10		1000		1000		500		30		6		120		60		0.4000		0.6321		0.2000		0.0015		34565		240		180		4		8000		1266		1583		931		241		0		
2021-02-26 23:35:47 10		1000		1000		500		30		6		120		60		0.4000		0.6321		0.2000		0.0015		34565		50		180		4		8000		1266		1583		931		241		0		
2021-03-01 10:04:39 10		1000		1000		500		30		6		120		60		0.4000		0.6321		0.2000		0.0015		34565		50		180		4		8000		1266		1583		931		241		0		
2021-03-01 12:12:18 10.00		1000.00		1000		500		30		6		120		60		0.4000		0.6321		0.2000		0.0015		34565		50		180		4		8000		1000.00		1583.00		931.00		241		0		
2021-03-01 13:15:36 10		1000		1000		500		30		6		120		60		0.4000		0.6321		0.2000		0.0015		34565		30		180		4		8000		1266		1583		931		241		0		
2021-03-01 13:15:49 10.0		1000		1000		500		30		6		120		60		0.4000		0.6321		0.2000		0.0015		34565		30		180		4		500		1266		1583		931		241		0		
2021-03-01 13:18:41 10.0		1000		1000		500		30		6		120		60		0.4000		0.6321		0.2000		0.0015		34565		30		180		4		45797		1266		1583		931		241		0		
2021-03-01 13:19:22 10.0		1000		1000		500		30		6		120		60		0.4000		0.6321		0.2000		0.0015		34565		30		180		4		8000		1266		1583		931		241		0		
2021-03-02 09:16:24 10		1000		1000		500		30		6		120		60		0.4000		0.6321		0.2000		0.0015		34565		30		180		4		7943		1266		1583		931		241		0		
2021-03-02 09:17:08 10.0		1000		1000		500		30		6		120		60		0.4000		0.6321		0.2000		0.0015		34565		30		180		4		50		1266		1583		931		241		0		
2021-03-02 09:18:01 10.0		1000		1000		500		30		6		120		60		0.4000		0.6321		0.2000		0.0015		34565		30		180		4		8000		1266		1583		931		241		0		
2021-03-02 09:27:13 10		1000		1000		500		30		6		120		60		0.4000		0.6321		0.2000		0.0015		34565		30		180		4		7943		1266		1583		931		241		0		
2021-03-02 09:29:34 10		1000		1000		500		30		6		120		60		0.4000		0.6321		0.2000		0.0015		34565		30		180		4		7943		1266		1583		931		241		0		
2021-03-02 09:41:57 10		1000		1000		500		30		6		120		60		0.4000		0.6321		0.2000		0.0015		34565		30		180		4		7943		1266		1583		931		241		0		
2021-03-02 09:43:52 10		1000		1000		500		30		6		120		60		0.4000		0.6321		0.2000		0.0015		34565		30		180		4		7943		1266		1583		931		241		0		
2021-03-02 09:50:47 10		1000		1000		500		30		6		120		60		0.4000		0.6321		0.2000		0.0015		34565		30		180		4		7943		1266		1583		931		241		0		
2021-03-02 09:52:44 10		1000		1000		500		30		6		120		60		0.4000		0.6321		0.2000		0.0015		34565		30		180		4		7943		1266		1583		931		241		0		
2021-03-02 11:27:23 10		1000		1000		500		30		6		120		60		0.4000		0.6321		0.2000		0.0015		34565		30		180		4		7943		1266		1583		931		241		0		
2021-03-02 11:27:31 10.0		1000		1000		500		30		6		120		60		0.4000		0.6321		0.2000		0.0015		34565		30		180		4		7943		1266		1583		931		241		0		
2021-03-02 11:30:14 10		1000		1000		500		30		6		120		60		0.4000		0.6321		0.2000		0.0015		34565		30		180		4		7943		1266		1583		931		241		0		
2021-03-02 11:30:57 10.0		1000		1000		500		30		6		120		60		0.4000		0.6321		0.2000		0.0015		34565		30		180		4		50		1266		1583		931		241		0		
2021-03-02 11:32:54 10.0		1000		1000		500		30		6		120		60		0.4000		0.6321		0.2000		0.0015		34565		30		180		4		8000		1266		1583		931		241		0		
2021-03-02 12:05:09 10		1000		1000		500		30		6		120		60		0.4000		0.6321		0.2000		0.0015		34565		30		180		4		7943		1266		1583		931		241		0		
2021-03-02 12:06:22 10		1000		1000		500		30		6		120		60		0.4000		0.6321		0.2000		0.0015		34565		30		180		4		7943		1266		1583		931		241		0		
2021-03-02 12:33:51 10		1000		1000		500		30		6		120		60		0.4000		0.6321		0.2000		0.0015		34565		30		180		4		7943		1266		1583		931		241		0		
2021-03-02 12:35:39 10		1000		1000		500		30		6		120		60		0.4000		0.6321		0.2000		0.0015		34565		30		180		4		7943		1266		1583		931		241		0		
2021-03-02 12:36:06 10		1000		1000		500		30		6		120		60		0.4000		0.6321		0.2000		0.0015		34565		30		180		4		7943		1266		1583		931		241		0		
2021-03-02 12:43:36 10		1000		1000		500		30		6		120		60		0.4000		0.6321		0.2000		0.0015		34565		30		180		4		7943		1266		1583		931		241		0		
2021-03-02 12:43:38 10.0		1000		1000		500		30		6		120		60		0.4000		0.6321		0.2000		0.0015		34565		30		180		4		7943		1266		1583		931		241		0		
2021-03-02 12:45:22 10		1000		1000		500		30		6		120		60		0.4000		0.6321		0.2000		0.0015		34565		30		180		4		7943		1266		1583		931		241		0		
2021-03-02 12:47:21 10		1000		1000		500		30		6		120		60		0.4000		0.6321		0.2000		0.0015		34565		30		180		4		7943		1266		1583		931		241		0		
2021-03-02 12:50:04 10		1000		1000		500		30		6		120		60		0.4000		0.6321		0.2000		0.0015		34565		30		180		4		7943		1266		1583		931		241		0		
2021-03-02 13:10:11 10		1000		1000		500		30		6		120		60		0.4000		0.6321		0.2000		0.0015		34565		30		180		4		7943		1266		1583		931		241		0		
2021-03-02 13:29:39 10		1000		1000		500		30		6		120		60		0.4000		0.6321		0.2000		0.0015		34565		30		180		4		7943		1266		1583		931		241		0		
2021-03-02 13:35:10 10		1000		1000		500		30		6		120		60		0.4000		0.6321		0.2000		0.0015		34565		30		180		4		7943		1266		1583		931		241		0		
2021-03-02 13:37:30 10		1000		1000		500		30		6		120		60		0.4000		0.6321		0.2000		0.0015		34565		30		180		4		7943		1266		1583		931		241		0		
2021-03-02 13:44:56 10		1000		1000		500		30		6		120		60		0.4000		0.6321		0.2000		0.0015		34565		30		180		4		7943		1266		1583		931		241		0		
2021-03-02 13:52:24 10		1000		1000		500		30		6		120		60		0.4000		0.6321		0.2000		0.0015		34565		30		180		4		7943		1266		1583		931		241		0		
2021-03-02 13:56:30 10		1000		1000		500		30		6		120		60		0.4000		0.6321		0.2000		0.0015		34565		30		180		4		7943		1266		1583		931		241		0		
2021-03-02 14:07:59 10		1000		1000		500		30		6		120		60		0.4000		0.6321		0.2000		0.0015		34565		30		180		4		7943		1266		1583		931		241		0		
2021-03-02 14:23:18 10		1000		1000		500		30		6		120		60		0.4000		0.6321		0.2000		0.0015		34565		30		180		4		7943		1266		1583		931		241		0		
2021-03-02 14:37:56 10		1000		1000		500		30		6		120		60		0.4000		0.6321		0.2000		0.0015		34565		30		180		4		7943		1266		1583		931		241		0		
2021-03-02 18:28:23 10		1000		1000		500		30		6		120		60		0.4000		0.6321		0.2000		0.0015		34565		30		180		4		7943		1266		1583		931		241		0		
2021-03-02 18:35:31 10		1000		1000		500		30		6		120		60		0.4000		0.6321		0.2000		0.0015		34565		30		180		4		7943		1266		1583		931		241		0		
2021-03-02 18:45:01 10		1000		1000		500		30		6		120		60		0.4000		0.6321		0.2000		0.0015		34565		30		180		4		7943		1266		1583		931		241		0		
2021-03-02 18:53:51 10		1000		1000		500		30		6		120		60		0.4000		0.6321		0.2000		0.0015		34565		30		180		4		7943		1266		1583		931		241		0		
2021-03-02 19:03:36 10		1000		1000		500		30		6		120		60		0.4000		0.6321		0.2000		0.0015		34565		30		180		4		100		1266		1583		931		241		0		
2021-03-02 19:13:59 10		1000		1000		500		30		6		120		60		0.4000		0.6321		0.2000		0.0015		34565		30		180		4		100		1266		1583		931		241		0		
2021-03-02 19:15:22 10		1000		1000		500		30		6		120		60		0.4000		0.6321		0.2000		0.0015		34565		30		180		4		100		1266		1583		931		241		0		
2021-03-02 19:25:07 10		1000		1000		500		30		6		120		60		0.4000		0.6321		0.2000		0.0015		34565		30		180		4		100		1266		1583		931		241		0		
2021-03-02 19:38:07 10		1000		1000		500		30		6		120		60		0.4000		0.6321		0.2000		0.0015		34565		30		180		4		100		1266		1583		931		241		0		
2021-03-02 19:48:25 10		1000		1000		500		30		6		120		60		0.4000		0.6321		0.2000		0.0015		34565		30		180		4		100		1266		1583		931		241		0		
2021-03-02 19:56:29 10		1000		1000		500		30		6		120		60		0.4000		0.6321		0.2000		0.0015		34565		30		180		4		100		1266		1583		931		241		0		
2021-03-02 20:08:47 10		1000		1000		500		30		6		120		60		0.4000		0.6321		0.2000		0.0015		34565		30		180		4		100		1266		1583		931		241		0		
2021-03-02 20:21:02 10		1000		1000		500		30		6		120		60		0.4000		0.6321		0.2000		0.0015		34565		30		180		4		100		1266		1583		931		241		0		
2021-03-02 20:24:52 10		1000		1000		500		30		6		120		60		0.4000		0.6321		0.2000		0.0015		34565		30		180		4		100		1266		1583		931		241		0		
2021-03-02 21:23:37 10		1000		1000		500		30		6		120		60		0.4000		0.6321		0.2000		0.0015		34565		30		180		4		100		1266		1583		931		241		0		
2021-03-02 21:26:53 10		1000		1000		500		30		6		120		60		0.4000		0.6321		0.2000		0.0015		34565		30		180		4		100		1266		1583		931		241		0		
2021-03-02 21:35:55 10		1000		1000		500		30		6		120		60		0.4000		0.6321		0.2000		0.0015		34565		30		180		4		100		1266		1583		931		241		0		
2021-03-02 21:39:36 10		1000		1000		500		30		6		120		60		0.4000		0.6321		0.2000		0.0015		34565		30		180		4		100		1266		1583		931		241		0		
2021-03-02 21:49:49 10		1000		1000		500		30		6		120		60		0.4000		0.6321		0.2000		0.0015		34565		30		180		4		100		1266		1583		931		241		0		
2021-03-02 21:58:57 10.0		1000		1000		500		30		6		120		60		0.4000		0.6321		0.2000		0.0015		34565		30		180		4		8000		1266		1583		931		241		0		
2021-03-02 21:58:59 10		1000		1000		500		30		6		120		60		0.4000		0.6321		0.2000		0.0015		34565		30		180		4		100		1266		1583		931		241		0		
2021-03-02 22:00:04 10.0		1000		1000		500		30		6		120		60		0.4000		0.6321		0.2000		0.0015		34565		30		180		4		8000		1266		1583		931		241		0		
2021-03-02 22:09:32 10.0		1000		1000		500		30		6		120		60		0.4000		0.6321		0.2000		0.0015		34565		30		180		4		8000		1266		1583		931		241		0		
2021-03-02 22:09:41 10		1000		1000		500		30		6		120		60		0.4000		0.6321		0.2000		0.0015		34565		30		180		4		100		1266		1583		931		241		0		
2021-03-02 22:10:36 10.0		1000		1000		500		30		6		120		60		0.4000		0.6321		0.2000		0.0015		34565		30		180		4		8000		1266		1583		931		241		0		
2021-03-02 22:11:38 10		1000		1000		500		30		6		120		60		0.4000		0.6321		0.2000		0.0015		34565		30		180		4		7943		1266		1583		931		241		0		
2021-03-02 22:13:32 10		1000		1000		500		30		6		120		60		0.4000		0.6321		0.2000		0.0015		34565		30		180		4		7943		1266		1583		931		241		0		
2021-03-02 22:21:31 10		1000		1000		500		30		6		120		60		0.4000		0.6321		0.2000		0.0015		34565		30		180		4		7943		1266		1583		931		241		0		
2021-03-02 22:23:26 10		1000		1000		500		30		6		120		60		0.4000		0.6321		0.2000		0.0015		34565		30		180		4		7943		1266		1583		931		241		0		
2021-03-03 11:30:42 10		1000		1000		500		30		6		120		60		0.4000		0.6321		0.2000		0.0015		34565		30		180		4		7943		1266		1583		931		241		0		
2021-03-03 11:34:55 10		1000		1000		500		30		6		120		60		0.4000		0.6321		0.2000		0.0015		34565		30		180		4		7943		1266		1583		931		241		0		
2021-03-03 11:42:01 10		1000		1000		500		30		6		120		60		0.4000		0.6321		0.2000		0.0015		34565		30		180		4		7943		1266		1583		931		241		0		
2021-03-03 11:47:41 10		1000		1000		500		30		6		120		60		0.4000		0.6321		0.2000		0.0015		34565		30		180		4		7943		1266		1583		931		241		0		
2021-03-03 12:56:58 10		1000		1000		500		30		6		120		60		0.4000		0.6321		0.2000		0.0015		34565		30		180		4		7943		1266		1583		931		241		0		
2021-03-03 14:53:03 10		1000		1000		500		30		6		120		60		0.4000		0.6321		0.2000		0.0015		34565		30		180		4		7943		1266		1583		931		241		0		
2021-03-03 14:54:15 10		1000		1000		500		30		6		120		60		0.4000		0.6321		0.2000		0.0015		34565		30		180		4		7943		1266		1583		931		241		0		
2021-03-03 20:46:25 10		1000		1000		500		30		6		120		60		0.4000		0.6321		0.2000		0.0015		34565		30		180		4		7943		1266		1583		931		241		0		
2021-03-03 22:53:58 10		1000		1000		500		30		6		120		60		0.4000		0.6321		0.2000		0.0015		34565		30		180		4		7943		1266		1583		931		241		0		
2021-03-03 23:35:46 10		1000		1000		500		30		6		120		60		0.4000		0.6321		0.2000		0.0015		34565		30		180		4		7943		1266		1583		931		241		0		
2021-03-03 23:38:29 10		1000		1000		500		30		6		120		60		0.4000		0.6321		0.2000		0.0015		34565		30		180		4		7943		1266		1583		931		241		0		
2021-03-03 23:40:45 10		1000		1000		500		30		6		120		60		0.4000		0.6321		0.2000		0.0015		34565		30		180		4		7943		1266		1583		931		241		0		
2021-03-04 00:13:24 10		1000		1000		500		30		6		120		60		0.4000		0.6321		0.2000		0.0015		34565		30		180		4		7943		1266		1583		931		241		0		
2021-03-04 09:29:37 10		1000		1000		500		30		6		120		60		0.4000		0.6321		0.2000		0.0015		34565		30		180		4		7943		1266		1583		931		241		0		
2021-03-04 10:19:49 10		1000		1000		500		30		6		120		60		0.4000		0.6321		0.2000		0.0015		34565		30		180		4		7943		1266		1583		931		241		0		
2021-03-04 10:35:28 10		1000		1000		500		30		6		120		60		0.4000		0.6321		0.2000		0.0015		34565		30		180		4		7943		1266		1583		931		241		0		
2021-03-04 10:55:58 10		1000		1000		500		30		6		120		60		0.4000		0.6321		0.2000		0.0015		34565		30		180		4		7943		1266		1583		931		241		0		
2021-03-04 11:05:28 10		1000		1000		500		30		6		120		60		0.4000		0.6321		0.2000		0.0015		34565		30		180		4		7943		1266		1583		931		241		0		
2021-03-04 11:13:06 10		1000		1000		500		30		6		120		60		0.4000		0.6321		0.2000		0.0015		34565		30		180		4		7943		1266		1583		931		241		0		
2021-03-04 11:16:40 10		1000		1000		500		30		6		120		60		0.4000		0.6321		0.2000		0.0015		34565		30		180		4		7943		1266		1583		931		241		0		
2021-03-04 11:17:02 10		1000		1000		500		30		6		120		60		0.4000		0.6321		0.2000		0.0015		34565		30		180		4		7943		1266		1583		931		241		0		
2021-03-04 14:30:17 10		1000		1000		500		30		6		120		60		0.4000		0.6321		0.2000		0.0015		34565		30		180		4		7943		1266		1583		931		241		0		
2021-03-04 14:53:24 10		1000		1000		500		30		6		120		60		0.4000		0.6321		0.2000		0.0015		34565		30		180		4		7943		1266		1583		931		241		0		
2021-03-04 15:09:13 10		1000		1000		500		30		6		120		30		0.4000		0.6321		0.5000		0.0001		34565		39		900		4		7943		1266		1583		931		240		1		
2021-03-19 13:40:24 10.00		1000.00		1000		500		30		6		120		60		0.4000		0.6321		0.2000		0.0015		34565		50		180		4		7943		1266.00		1583.00		931.00		241		0		
2021-03-19 13:43:08 10.00		1000.00		1000		500		30		6		120		60		0.4000		0.6321		0.2000		0.0015		34565		50		180		4		7943		1266.00		1583.00		931.00		241		0		
2021-03-19 13:50:58 10		1000		1000		500		30		6		120		60		0.4000		0.6321		0.2000		0.0015		34565		50		180		4		100		1266		1583		931		241		0		
2021-03-19 13:51:48 10.0		1000		1000		500		30		6		120		60		0.4000		0.6321		0.2000		0.0015		34565		50		180		4		8000		1266		1583		931		241		0		
2021-03-19 13:55:40 10		1000		1000		500		30		6		120		60		0.4000		0.6321		0.2000		0.0015		34565		50		180		4		7943		1266		1583		931		241		0		
2021-03-19 13:56:29 10.0		1000		1000		500		30		6		120		60		0.4000		0.6321		0.2000		0.0015		34565		50		180		4		6000		1266		1583		931		241		0		
2021-03-19 13:58:55 10.0		1000		1000		500		30		6		120		60		0.4000		0.6321		0.2000		0.0015		34565		50		180		4		8000		1266		1583		931		241		0		
2021-03-19 17:05:54 10		1000		1000		500		30		6		120		60		0.4000		0.6321		0.2000		0.0015		34565		50		180		4		7943		1266		1583		931		241		0		
2021-03-22 16:47:00 10		1000		1000		500		30		6		120		60		0.4000		0.6321		0.2000		0.0015		34565		50		180		4		7943		1266		1583		931		241		0		
2021-03-23 11:06:02 10		1000		1000		500		30		6		120		60		0.4000		0.6321		0.2000		0.0015		34565		50		180		4		7943		1266		1583		931		241		0		
2021-03-23 11:06:52 10		1000		1000		500		30		6		120		60		0.4000		0.6321		0.2000		0.0015		34565		50		180		4		7943		1266		1583		931		241		0		
2021-03-23 11:07:36 10		1000		1000		500		30		6		120		60		0.4000		0.6321		0.2000		0.0015		34565		50		180		4		7943		1266		1583		931		241		0		
2021-03-23 11:11:17 10		1000		1000		500		30		6		120		60		0.4000		0.6321		0.2000		0.0015		34565		50		180		4		7943		1266		1583		931		241		0		
2021-03-23 11:43:56 10		1000		1000		500		30		6		120		60		0.4000		0.6321		0.2000		0.0015		34565		50		180		4		7943		1266		1583		931		241		0		
2021-03-23 11:50:24 10.0		1000		1000		500		30		6		120		60		0.4000		0.6321		0.2000		0.0015		34565		30		180		4		500		1266		1583		931		241		0		
2021-03-23 11:51:48 10.0		1000		1000		500		30		6		120		60		0.4000		0.6321		0.2000		0.0015		34565		50		180		4		8000		1266		1583		931		241		0		
2021-03-23 12:01:36 10.0		1000		1000		500		30		6		120		60		0.4000		0.6321		0.2000		0.0015		34565		35		180		4		7943		1266		1583		931		241		0		
2021-03-23 12:02:38 10.0		1000		1000		500		30		6		120		60		0.4000		0.6321		0.2000		0.0015		34565		50		180		4		7943		1266		1583		931		241		0		
2021-03-23 12:05:44 10		1000		1000		500		30		6		120		60		0.4000		0.6321		0.2000		0.0015		34565		50		180		4		7943		1266		1583		931		241		0		
2021-03-23 12:15:39 10		1000		1000		500		30		6		120		60		0.4000		0.6321		0.2000		0.0015		34565		50		180		4		7943		1266		1583		931		241		0		
2021-03-23 12:21:51 10		1000		1000		500		30		6		120		60		0.4000		0.6321		0.2000		0.0015		34565		50		180		4		7943		1266		1583		931		241		0		
2021-03-23 12:24:18 10		1000		1000		500		30		6		120		60		0.4000		0.6321		0.2000		0.0015		34565		50		180		4		7943		1266		1583		931		241		0		
2021-03-23 12:30:04 10		1000		1000		500		30		6		120		60		0.4000		0.6321		0.2000		0.0015		34565		50		180		4		7943		1266		1583		931		241		0		
2021-03-23 12:43:12 10		1000		1000		500		30		6		120		60		0.4000		0.6321		0.2000		0.0015		34565		50		180		4		7943		1266		1583		931		241		0		
2021-03-23 12:47:06 10		1000		1000		500		30		6		120		60		0.4000		0.6321		0.2000		0.0015		34565		50		180		4		7943		1266		1583		931		241		0		
2021-03-23 12:53:51 10		1000		1000		500		30		6		120		60		0.4000		0.6321		0.2000		0.0015		34565		50		180		4		7943		1266		1583		931		241		0		
2021-03-23 13:21:03 10		1000		1000		500		30		6		120		60		0.4000		0.6321		0.2000		0.0015		34565		50		180		4		7943		1266		1583		931		241		0		
2021-04-19 14:59:05 10		1000		1000		500		30		6		120		60		0.4000		0.6321		0.2000		0.0015		34565		240		180		4		7943		1266		1583		931		241		1		
2021-04-19 15:17:51 10.0		1000		1000		500		30		6		120		60		0.4000		0.6321		0.2000		0.0015		34565		300		180		4		7943		1266		1583		931		241		1		
2021-04-20 10:12:43 10		1000		1000		500		30		6		120		60		0.4000		0.6321		0.2000		0.0015		34565		240		180		4		7943		1266		1583		931		238		1		
2021-04-20 10:18:15 10		1000		1000		500		30		6		120		60		0.4000		0.6321		0.2000		0.0015		34565		240		180		4		7943		1266		1583		931		238		1		
2021-04-20 10:20:24 10		1000		1000		500		30		6		120		60		0.4000		0.6321		0.2000		0.0015		34565		240		180		4		7943		1266		1583		931		238		1		
2021-04-20 10:20:54 10.0		1000		1000		500		30		6		120		60		0.4000		0.6321		0.2000		0.0015		34565		300		180		4		7943		1266		1583		931		238		1		
2021-04-20 10:23:52 10		1000		1000		500		30		6		120		60		0.4000		0.6321		0.2000		0.0015		34565		300		180		4		7943		1266		1583		931		241		1		
2021-04-20 12:23:25 10		1000		1000		500		30		6		120		60		0.4000		0.6321		0.2000		0.0015		34565		300		180		4		492		1266		1583		931		241		1		
2021-04-20 20:31:01 10.00		1000.00		1000		500		30		6		120		30		0.4000		0.6321		0.5000		0.0001		34565		300		180		4		492		1266.00		1583.00		931.00		240		1		
2021-04-20 21:20:40 10.00		1000.00		1000		500		30		6		120		30		0.4000		0.6321		0.5000		0.0001		34565		300		180		4		492		1266.00		1583.00		931.00		240		0		
2021-04-20 21:50:24 10.00		1000.00		1000		500		30		6		120		30		0.4000		0.6321		0.5000		0.0001		34565		300		180		4		492		1266.00		1583.00		931.00		240		1		
2021-04-20 21:51:01 10.00		1000.00		1000		500		30		6		120		30		0.4000		0.6321		0.5000		0.0001		34565		300		180		4		492		1266.00		1583.00		931.00		240		0		
2021-04-20 22:00:27 10.00		1000.00		1000		500		30		6		120		30		0.4000		0.6321		0.5000		0.0001		34565		300		180		4		492		1266.00		1583.00		931.00		240		1		
2021-04-20 22:08:04 10.00		1000.00		1000		500		30		6		120		30		0.4000		0.6321		0.5000		0.0001		34565		300		180		4		492		1266.00		1583.00		931.00		240		1		
2021-04-20 22:08:41 10.00		1000.00		1000		500		30		6		120		30		0.4000		0.6321		0.5000		0.0001		34565		300		180		4		492		1266.00		1583.00		931.00		240		0		
2021-04-20 22:09:50 10.00		1000.00		1000		500		30		6		120		30		0.4000		0.6321		0.5000		0.0001		34565		300		180		4		492		1266.00		1583.00		931.00		240		1		
2021-04-20 22:11:58 10.00		1000.00		1000		500		30		6		120		30		0.4000		0.6321		0.5000		0.0001		34565		300		180		4		492		1266.00		1583.00		931.00		240		0		
2021-04-21 00:13:00 10.00		1000.00		1000		500		30		6		120		30		0.4000		0.6321		0.5000		0.0001		34565		300		180		4		492		1266.00		1583.00		931.00		240		1		
2021-04-21 00:35:39 10.00		1000.00		1000		500		30		6		120		30		0.4000		0.6321		0.5000		0.0001		34565		300		180		4		492		1266.00		1583.00		931.00		240		0		
