Date		 Min V 	Max V 	OC Sample Time 	CC Sample Time 	OC Min Time Limit  CC Min Time Limit 	OC Sample Time Max	CC Sample Time Max	OC FracV	CC FracV	Alpha 	Episilon 	Time Reference 	Time Interval  Min Time Interval Epsilon Max Count 	RLoad CalibADCV Reference  CalibADC Zero  CalibADC Max  Device ID Acquisition Rate

2021-03-29 19:24:18 10		1000		1000		500		30		6		120		30		0.4000		0.6321		0.5000		0.0001		34565		900		180		4		100		1266		1583		931		240		0		
2021-04-19 14:59:06 10		1000		1000		500		30		6		120		30		0.4000		0.6321		0.5000		0.0001		34565		1800		900		4		4805		1266		1583		931		240		1		
2021-04-19 15:17:57 10.0		1000		1000		500		30		6		120		30		0.4000		0.6321		0.5000		0.0001		34565		300		900		4		4805		1266		1583		931		240		1		
2021-04-19 15:20:14 10.0		1000		1000		500		30		6		120		30		0.4000		0.6321		0.5000		0.0001		34565		300		900		4		4805		1266		1583		931		240		1		
2021-04-20 11:28:32 10		1000		1000		500		30		6		120		60		0.4000		0.6321		0.2000		0.0015		34565		300		180		4		7943		1266		1583		931		241		1		
2021-04-20 11:31:01 10		1000		1000		500		30		6		120		60		0.4000		0.6321		0.2000		0.0015		34565		300		180		4		7943		1266		1583		931		241		1		
2021-04-20 11:44:02 10.0		1000		1000		500		30		6		120		60		0.4000		0.6321		0.2000		0.0015		34565		300		180		4		700		1266		1583		931		241		1		
2021-04-20 13:40:25 10		1000		1000		500		30		6		120		60		0.4000		0.6321		0.2000		0.0015		34565		300		180		4		492		1266		1583		931		241		1		
2021-04-20 17:51:50 10		1000		1000		500		30		6		120		60		0.4000		0.6321		0.2000		0.0015		34565		300		180		4		492		1266		1583		931		241		1		
2021-04-20 17:58:11 10		1000		1000		500		30		6		120		60		0.4000		0.6321		0.2000		0.0015		34565		300		180		4		492		1266		1583		931		241		1		
2021-04-20 19:06:32 10		1000		1000		500		30		6		120		60		0.4000		0.6321		0.2000		0.0015		34565		300		180		4		492		1266		1583		931		241		1		
2021-04-20 19:09:03 10		1000		1000		500		30		6		120		60		0.4000		0.6321		0.2000		0.0015		34565		300		180		4		492		1266		1583		931		241		1		
2021-04-20 19:11:43 10		1000		1000		500		30		6		120		60		0.4000		0.6321		0.2000		0.0015		34565		300		180		4		492		1266		1583		931		241		1		
2021-04-20 19:13:13 10		1000		1000		500		30		6		120		60		0.4000		0.6321		0.2000		0.0015		34565		300		180		4		492		1266		1583		931		241		1		
2021-04-20 19:15:01 10		1000		1000		500		30		6		120		60		0.4000		0.6321		0.2000		0.0015		34565		300		180		4		492		1266		1583		931		241		1		
2021-04-20 19:17:19 10		1000		1000		500		30		6		120		60		0.4000		0.6321		0.2000		0.0015		34565		300		180		4		492		1266		1583		931		241		1		
2021-04-20 19:20:55 10		1000		1000		500		30		6		120		60		0.4000		0.6321		0.2000		0.0015		34565		300		180		4		492		1266		1583		931		241		1		
2021-04-20 19:29:26 10		1000		1000		500		30		6		120		60		0.4000		0.6321		0.2000		0.0015		34565		300		180		4		492		1266		1583		931		241		1		
2021-04-20 19:50:07 10		1000		1000		500		30		6		120		60		0.4000		0.6321		0.2000		0.0015		34565		300		180		4		492		1266		1583		931		241		1		
2021-04-20 19:52:19 10		1000		1000		500		30		6		120		60		0.4000		0.6321		0.2000		0.0015		34565		300		180		4		492		1266		1583		931		241		1		
2021-04-20 20:01:20 10		1000		1000		500		30		6		120		60		0.4000		0.6321		0.2000		0.0015		34565		300		180		4		492		1266		1583		931		241		1		
2021-04-20 20:09:00 10		1000		1000		500		30		6		120		60		0.4000		0.6321		0.2000		0.0015		34565		300		180		4		492		1266		1583		931		241		1		
2021-04-20 20:21:02 10		1000		1000		500		30		6		120		60		0.4000		0.6321		0.2000		0.0015		34565		300		180		4		492		1266		1583		931		241		1		0		70		40673		
2021-04-20 20:26:35 10		1000		1000		500		30		6		120		60		0.4000		0.6321		0.2000		0.0015		34565		300		180		4		492		1266		1583		931		241		1		0.0		0.0		0.0		
2021-04-20 20:30:38 10		1000		1000		500		30		6		120		60		0.4000		0.6321		0.2000		0.0015		34565		300		180		4		492		1266		1583		931		241		1		D0EE40FFFF293FF1		70B3D57ED001E559		40673ACDF34CDC823DA29CD8B91C8ABC		
2021-04-20 20:35:23 10		1000		1000		500		30		6		120		60		0.4000		0.6321		0.2000		0.0015		34565		300		180		4		492		1266		1583		931		241		1		D0EE40FFFF293FF1		70B3D57ED001E559		40673ACDF34CDC823DA29CD8B91C8ABC		
2021-04-20 21:12:46 10		1000		1000		500		30		6		120		60		0.4000		0.6321		0.2000		0.0015		34565		300		180		4		492		1266		1583		931		241		1		D0EE40FFFF293FF1		70B3D57ED001E559		40673ACDF34CDC823DA29CD8B91C8ABC		
2021-04-20 21:14:41 10		1000		1000		500		30		6		120		60		0.4000		0.6321		0.2000		0.0015		34565		300		180		4		492		1266		1583		931		241		1		D0EE40FFFF293FF1		70B3D57ED001E559		40673ACDF34CDC823DA29CD8B91C8ABC		
2021-04-20 21:17:53 10		1000		1000		500		30		6		120		60		0.4000		0.6321		0.2000		0.0015		34565		300		180		4		492		1266		1583		931		241		1		D0EE40FFFF293FF1		70B3D57ED001E559		40673ACDF34CDC823DA29CD8B91C8ABC		
2021-04-21 00:41:45 10		1000		1000		500		30		6		120		30		0.4000		0.6321		0.5000		0.0001		34565		300		180		4		492		1266		1583		931		240		0		D0EE40FFFF293FF0		70B3D57ED001E559		40673ACDF34CDC823DA29CD8B91C8ABC		
2021-04-21 00:52:23 10		1000		1000		500		30		6		120		30		0.4000		0.6321		0.5000		0.0001		34565		300		180		4		492		1266		1583		931		240		0		D0EE40FFFF293FF0		70B3D57ED001E559		40673ACDF34CDC823DA29CD8B91C8ABC		
2021-04-21 00:59:00 10		1000		1000		500		30		6		120		30		0.4000		0.6321		0.5000		0.0001		34565		300		180		4		492		1266		1583		931		240		0		D0EE40FFFF293FF0		70B3D57ED001E559		40673ACDF34CDC823DA29CD8B91C8ABC		
2021-04-21 09:34:38 10		1000		1000		500		30		6		120		30		0.4000		0.6321		0.5000		0.0001		34565		300		180		4		492		1266		1583		931		240		1		D0EE40FFFF293FF0		70B3D57ED001E559		40673ACDF34CDC823DA29CD8B91C8ABC		
2021-04-21 10:53:27 10		1000		1000		500		30		6		120		30		0.4000		0.6321		0.5000		0.0001		34565		300		180		4		492		1266		1583		931		240		1		D0EE40FFFF293FF0		70B3D57ED001E559		40673ACDF34CDC823DA29CD8B91C8ABC		
2021-04-21 13:20:26 10		1000		1000		500		30		6		120		30		0.4000		0.6321		0.5000		0.0001		34565		300		180		4		492		1266		1583		931		240		1		D0EE40FFFF293FF0		70B3D57ED001E559		40673ACDF34CDC823DA29CD8B91C8ABC		
